  1969.00   1   0.344  1  28.3
  1969.04   2   0.654  1  27.1
  1969.08   3   1.222  1  27.9
  1969.13   4   2.741  1  28.6
  1969.17   5   0.848  1  27.3
  1969.21   6   1.746  1  27.8
  1969.25   7   2.713  1  28.6
  1969.29   8   2.873  1  28.6
  1969.33   9   0.141  1  29.0
  1969.38  10   0.942  1  29.4
  1969.42  11   8.500  1  29.4
  1969.46  12   0.000  0  28.7
  1969.50  13   0.000  0  27.6
  1969.54  14   0.000  0  27.2
  1969.58  15   0.000  0  27.1
  1969.63  16   0.000  1  26.7
  1969.67  17   0.000  1  26.8
  1969.71  18   0.750  1  27.4
  1969.75  19   0.401  1  27.8
  1969.79  20   0.095  1  27.5
  1969.83  21   0.152  1  27.5
  1969.88  22   0.137  1  28.4
  1969.92  23   0.218  1  28.9
  1969.96  24   0.118  1  28.0
  1970.00   1   0.006  1  28.0
  1970.04   2   0.240  1  27.6
  1970.08   3   0.245  1  27.2
  1970.13   4   0.425  1  27.4
  1970.17   5   0.859  1  27.2
  1970.21   6   2.165  1  27.4
  1970.25   7   1.775  1  27.6
  1970.29   8   2.313  1  28.5
  1970.33   9   0.000  1  28.7
  1970.38  10   1.515  1  28.4
  1970.42  11   0.000  1  28.6
  1970.46  12   0.000  1  28.1
  1970.50  13   0.000  1  27.6
  1970.54  14   0.000  0  26.8
  1970.58  15   0.000  1  26.6
  1970.63  16   0.000  1  26.4
  1970.67  17   0.061  1  26.6
  1970.71  18   1.943  1  26.8
  1970.75  19   3.028  1  27.7
  1970.79  20   1.393  1  28.0
  1970.83  21   1.085  1  28.1
  1970.88  22   0.639  1  28.3
  1970.92  23   0.822  1  28.2
  1970.96  24   0.864  1  28.1
  1971.00   1   0.291  1  28.4
  1971.04   2   0.088  1  27.6
  1971.08   3   0.821  1  26.4
  1971.13   4   0.538  1  25.6
  1971.17   5   0.661  1  26.5
  1971.21   6   2.145  1  25.2
  1971.25   7   0.227  1  26.7
  1971.29   8   0.565  1  26.6
  1971.33   9   1.300  1  27.8
  1971.38  10   0.931  1  28.6
  1971.42  11   0.891  1  27.7
  1971.46  12   0.000  1  29.1
  1971.50  13   0.000  1  27.8
  1971.54  14   0.000  0  26.8
  1971.58  15   2.011  1  26.5
  1971.63  16   5.086  1  26.3
  1971.67  17   4.526  1  26.4
  1971.71  18   3.906  1  26.7
  1971.75  19   2.466  1  27.3
  1971.79  20   0.531  1  27.9
  1971.83  21   1.207  1  28.4
  1971.88  22   0.919  1  27.8
  1971.92  23   0.318  1  27.8
  1971.96  24   0.000  1  27.9
  1972.00   1   0.404  1  27.8
  1972.04   2   0.449  1  27.2
  1972.08   3   0.000  1  26.9
  1972.13   4   0.429  1  26.1
  1972.17   5   1.829  1  25.9
  1972.21   6   3.227  1  26.3
  1972.25   7   1.590  1  27.5
  1972.29   8   1.013  1  27.3
  1972.33   9   0.263  1  28.1
  1972.38  10   0.949  1  28.0
  1972.42  11   0.423  1  27.9
  1972.46  12   1.000  1  27.6
  1972.50  13   0.000  1  27.4
  1972.54  14   0.000  1  27.2
  1972.58  15   0.000  0  26.6
  1972.63  16   0.000  1  27.1
  1972.67  17   0.174  1  27.2
  1972.71  18   2.375  1  27.6
  1972.75  19   2.658  1  28.1
  1972.79  20   1.720  1  28.1
  1972.83  21   1.603  1  28.6
  1972.88  22   2.300  1  28.5
  1972.92  23   0.000  1  28.5
  1972.96  24   0.000  1  28.0
  1973.00   1   0.000  1  27.8
  1973.04   2   0.475  1  27.4
  1973.08   3   0.000  1  27.0
  1973.13   4   2.135  1  26.9
  1973.17   5   2.827  1  26.9
  1973.21   6   1.696  1  27.5
  1973.25   7   1.471  1  27.7
  1973.29   8   1.175  1  28.0
  1973.33   9   0.000  1  28.7
  1973.38  10   0.000  0  28.9
  1973.42  11   0.000  1  28.8
  1973.46  12   0.000  1  28.7
  1973.50  13   0.000  1  28.1
  1973.54  14   0.000  0  27.6
  1973.58  15   0.000  1  26.9
  1973.63  16   0.000  0  27.0
  1973.67  17   0.047  1  27.1
  1973.71  18   0.174  1  27.2
  1973.75  19   4.513  1  27.6
  1973.79  20   2.306  1  28.4
  1973.83  21   0.846  1  28.5
  1973.88  22   0.084  1  28.3
  1973.92  23   0.000  1  28.7
  1973.96  24   0.000  1  27.9
  1974.00   1   0.000  1  27.6
  1974.04   2   0.000  0  27.2
  1974.08   3   0.578  1  27.8
  1974.13   4   0.000  1  27.2
  1974.17   5   0.000  1  25.8
  1974.21   6   1.658  1  26.0
  1974.25   7   2.074  1  25.6
  1974.29   8   4.520  1  25.9
  1974.33   9   3.962  1  26.5
  1974.38  10   1.175  1  27.1
  1974.42  11   0.000  1  27.8
  1974.46  12   8.452  1  27.9
  1974.50  13   0.791  1  27.5
  1974.54  14   0.000  0  27.1
  1974.58  15   0.000  1  26.7
  1974.63  16   0.000  1  26.4
  1974.67  17   0.912  1  26.7
  1974.71  18   0.000  1  26.9
  1974.75  19   0.000  1  26.9
  1974.79  20   2.984  1  27.9
  1974.83  21   1.656  1  28.2
  1974.88  22   0.737  1  28.2
  1974.92  23   0.000  1  27.9
  1974.96  24   0.520  1  28.0
  1975.00   1   1.204  1  27.5
  1975.04   2   1.178  1  27.3
  1975.08   3   0.940  1  26.9
  1975.13   4   1.573  1  27.0
  1975.17   5   3.060  1  26.4
  1975.21   6   2.273  1  25.6
  1975.25   7   1.617  1  26.2
  1975.29   8   2.413  1  26.8
  1975.33   9   2.719  1  26.8
  1975.38  10   0.317  1  27.4
  1975.42  11   0.000  0  27.9
  1975.46  12   0.000  0  27.3
  1975.50  13   0.000  1  27.2
  1975.54  14   0.000  1  26.7
  1975.58  15   0.000  1  26.3
  1975.63  16   0.000  0  26.2
  1975.67  17   1.378  1  26.1
  1975.71  18   5.607  1  26.2
  1975.75  19   0.947  1  26.9
  1975.79  20   5.203  1  27.5
  1975.83  21   2.611  1  28.0
  1975.88  22   0.272  1  28.0
  1975.92  23   0.038  1  27.9
  1975.96  24   0.000  1  27.7
  1976.00   1   0.000  1  27.4
  1976.04   2   0.000  1  26.6
  1976.08   3   0.000  0  25.7
  1976.13   4   0.000  0  26.1
  1976.17   5   1.467  1  25.6
  1976.21   6   0.237  1  26.7
  1976.25   7   5.682  1  26.7
  1976.29   8   3.859  1  27.3
  1976.33   9   4.171  1  27.3
  1976.38  10   7.059  1  27.4
  1976.42  11  11.279  1  27.2
  1976.46  12   1.067  1  26.7
  1976.50  13   0.000  1  26.6
  1976.54  14   0.000  0  26.0
  1976.58  15   0.000  0  26.1
  1976.63  16   0.000  0  25.6
  1976.67  17   0.000  0  26.1
  1976.71  18   4.738  1  26.7
  1976.75  19   2.439  1  26.8
  1976.79  20   0.000  1  27.0
  1976.83  21   0.000  1  27.3
  1976.88  22   0.000  1  27.2
  1976.92  23   0.000  1  27.4
  1976.96  24   0.000  0  26.8
  1977.00   1   0.348  1  26.3
  1977.04   2   0.554  1  25.9
  1977.08   3   2.673  1  25.4
  1977.13   4   0.774  1  26.2
  1977.17   5   2.603  1  26.6
  1977.21   6   0.668  1  26.9
  1977.25   7   4.620  1  26.7
  1977.29   8  15.093  1  27.1
  1977.33   9   8.630  1  27.9
  1977.38  10   6.397  1  28.0
  1977.42  11   1.589  1  27.6
  1977.46  12   0.138  1  27.9
  1977.50  13   0.000  1  27.3
  1977.54  14   0.000  1  27.2
  1977.58  15   0.000  1  26.6
  1977.63  16   0.000  0  26.9
  1977.67  17   0.000  1  26.9
  1977.71  18   3.413  1  27.4
  1977.75  19   0.000  1  27.3
  1977.79  20   0.051  1  28.0
  1977.83  21   0.000  1  28.3
  1977.88  22   0.000  1  28.3
  1977.92  23   0.000  1  28.1
  1977.96  24   0.000  1  27.9
  1978.00   1   0.000  1  27.8
  1978.04   2   0.000  1  27.7
  1978.08   3   0.042  1  27.4
  1978.13   4   1.283  1  26.8
  1978.17   5   2.296  1  26.7
  1978.21   6   1.065  1  27.4
  1978.25   7   3.729  1  26.9
  1978.29   8   5.153  1  27.5
  1978.33   9   1.990  1  28.3
  1978.38  10   2.497  1  28.4
  1978.42  11   0.000  0  27.8
  1978.46  12   0.000  1  27.7
  1978.50  13   0.000  1  27.2
  1978.54  14   0.000  0  26.7
  1978.58  15   0.000  0  26.3
  1978.63  16   0.000  0  26.6
  1978.67  17   0.000  1  26.6
  1978.71  18   6.436  1  26.6
  1978.75  19   3.530  1  27.2
  1978.79  20   0.000  1  27.3
  1978.83  21   0.000  1  27.4
  1978.88  22   0.000  1  28.0
  1978.92  23   0.000  1  27.2
  1978.96  24   0.000  1  27.6
