  1969.00   1  2.906  1  23.7
  1969.04   2  0.000  0  20.1
  1969.08   3  1.466  1  22.6
  1969.13   4  1.154  1  17.6
  1969.17   5  0.093  1  21.5
  1969.21   6  0.000  0  22.6
  1969.25   7  0.000  0  22.6
  1969.29   8  0.000  1  22.8
  1969.33   9  0.000  1  20.6
  1969.38  10  1.164  1  22.4
  1969.42  11  1.207  1  22.6
  1969.46  12  0.478  1  24.6
  1969.50  13  0.279  1  22.6
  1969.54  14  0.171  1  26.9
  1969.58  15  0.117  1  27.1
  1969.63  16  0.026  1  26.2
  1969.67  17  0.058  1  28.5
  1969.71  18  0.262  1  27.8
  1969.75  19  0.000  0  25.6
  1969.79  20  0.000  1  22.6
  1969.83  21  0.101  1  25.7
  1969.88  22  1.107  1  25.3
  1969.92  23  0.931  1  24.5
  1969.96  24  0.993  1  23.7
  1970.00   1  0.153  1  21.1
  1970.04   2  0.023  1  19.8
  1970.08   3  0.000  1  19.7
  1970.13   4  0.000  0  20.2
  1970.17   5  0.000  0  20.6
  1970.21   6  0.000  1  19.7
  1970.25   7  0.000  0  19.5
  1970.29   8  0.000  0  20.9
  1970.33   9  0.253  1  20.6
  1970.38  10  1.128  1  20.9
  1970.42  11  1.441  1  22.3
  1970.46  12  0.671  1  23.6
  1970.50  13  1.502  1  24.7
  1970.54  14  1.187  1  25.7
  1970.58  15  0.229  1  26.6
  1970.63  16  0.094  1  26.9
  1970.67  17  0.535  1  26.3
  1970.71  18  0.000  1  26.8
  1970.75  19  0.000  0  26.9
  1970.79  20  0.000  0  26.0
  1970.83  21  0.000  1  24.0
  1970.88  22  0.865  1  23.5
  1970.92  23  0.196  1  23.9
  1970.96  24  0.000  0  22.1
  1971.00   1  0.049  1  21.8
  1971.04   2  0.000  1  19.6
  1971.08   3  0.000  0  19.6
  1971.13   4  0.000  0  18.8
  1971.17   5  0.000  1  20.4
  1971.21   6  0.000  1  20.3
  1971.25   7  0.000  1  15.1
  1971.29   8  0.000  1  15.1
  1971.33   9  0.000  0  20.5
  1971.38  10  0.000  1  19.5
  1971.42  11  0.679  1  19.5
  1971.46  12  3.766  1  22.1
  1971.50  13  3.177  1  22.6
  1971.54  14  2.635  1  25.0
  1971.58  15  2.254  1  26.6
  1971.63  16  0.877  1  26.5
  1971.67  17  0.197  1  27.2
  1971.71  18  0.000  1  27.5
  1971.75  19  0.716  1  27.1
  1971.79  20  1.409  1  26.8
  1971.83  21  0.584  1  25.5
  1971.88  22  0.000  1  23.6
  1971.92  23  0.040  1  21.2
  1971.96  24  0.000  1  21.0
  1972.00   1  0.000  1  20.3
  1972.04   2  0.000  0  18.8
  1972.08   3  0.000  0  18.4
  1972.13   4  0.000  0  18.8
  1972.17   5  0.000  0  17.4
  1972.21   6  0.000  0  18.2
  1972.25   7  0.000  1  18.7
  1972.29   8  0.000  1  19.3
  1972.33   9  0.000  0  19.0
  1972.38  10  0.000  1  19.7
  1972.42  11  0.000  1  21.8
  1972.46  12  2.147  1  22.3
  1972.50  13  1.434  1  24.0
  1972.54  14  1.697  1  24.5
  1972.58  15  0.739  1  25.5
  1972.63  16  0.814  1  26.5
  1972.67  17  0.134  1  26.4
  1972.71  18  0.000  0  27.0
  1972.75  19  0.019  1  25.9
  1972.79  20  0.056  1  25.6
  1972.83  21  0.424  1  24.8
  1972.88  22  0.613  1  23.8
  1972.92  23  0.636  1  21.8
  1972.96  24  1.390  1  20.5
  1973.00   1  0.000  1  19.6
  1973.04   2  0.000  0  19.3
  1973.08   3  0.000  1  19.1
  1973.13   4  0.000  1  18.8
  1973.17   5  0.000  1  18.6
  1973.21   6  0.000  1  19.3
  1973.25   7  0.000  0  20.6
  1973.29   8  0.000  0  20.1
  1973.33   9  0.000  0  21.0
  1973.38  10  0.247  1  21.8
  1973.42  11  2.613  1  23.4
  1973.46  12  0.881  1  24.6
  1973.50  13  0.848  1  25.9
  1973.54  14  0.994  1  25.3
  1973.58  15  0.540  1  26.4
  1973.63  16  0.128  1  26.6
  1973.67  17  0.103  1  26.7
  1973.71  18  0.000  1  26.2
  1973.75  19  0.370  1  25.4
  1973.79  20  0.076  1  24.8
  1973.83  21  0.225  1  24.3
  1973.88  22  1.269  1  24.5
  1973.92  23  0.773  1  23.1
  1973.96  24  0.000  1  21.4
  1974.00   1  0.000  0  20.1
  1974.04   2  0.000  0  19.2
  1974.08   3  0.000  1  18.8
  1974.13   4  0.000  1  18.1
  1974.17   5  0.000  1  18.6
  1974.21   6  0.000  0  18.2
  1974.25   7  0.000  0  18.5
  1974.29   8  0.000  0  18.4
  1974.33   9  0.000  0  19.1
  1974.38  10  0.779  1  20.3
  1974.42  11  1.370  1  21.0
  1974.46  12  2.441  1  22.2
  1974.50  13  1.986  1  24.0
  1974.54  14  0.965  1  25.7
  1974.58  15  0.897  1  26.2
  1974.63  16  0.627  1  26.8
  1974.67  17  0.580  1  26.8
  1974.71  18  0.000  1  27.9
  1974.75  19  0.000  1  26.7
  1974.79  20  0.091  1  25.5
  1974.83  21  0.577  1  23.7
  1974.88  22  0.602  1  22.5
  1974.92  23  1.198  1  22.6
  1974.96  24  1.284  1  21.5
  1975.00   1  1.746  1  21.0
  1975.04   2  0.000  0  19.7
  1975.08   3  0.000  0  19.2
  1975.13   4  0.000  0  19.3
  1975.17   5  0.000  0  19.5
  1975.21   6  0.000  1  19.5
  1975.25   7  0.000  0  19.6
  1975.29   8  0.000  0  18.9
  1975.33   9  0.000  0  18.9
  1975.38  10  0.000  1  19.3
  1975.42  11  1.232  1  20.6
  1975.46  12  1.757  1  21.9
  1975.50  13  0.983  1  24.0
  1975.54  14  0.558  1  25.4
  1975.58  15  0.062  1  26.6
  1975.63  16  0.287  1  27.2
  1975.67  17  0.003  1  27.4
  1975.71  18  0.278  1  26.5
  1975.75  19  0.000  1  26.7
  1975.79  20  0.081  1  26.2
  1975.83  21  0.000  1  25.3
  1975.88  22  0.152  1  23.2
  1975.92  23  0.000  1  21.5
  1975.96  24  0.000  0  21.1
  1976.00   1  0.000  0  20.7
  1976.04   2  0.000  0  19.5
  1976.08   3  0.000  0  18.6
  1976.13   4  0.000  0  18.3
  1976.17   5  0.000  0  18.4
  1976.21   6  0.000  0  18.4
  1976.25   7  0.000  0  19.1
  1976.29   8  0.000  0  19.1
  1976.33   9  0.000  0  19.2
  1976.38  10  0.000  0  19.1
  1976.42  11  0.000  1  20.7
  1976.46  12  1.394  1  22.6
  1976.50  13  1.718  1  23.9
  1976.54  14  2.208  1  25.1
  1976.58  15  1.954  1  26.0
  1976.63  16  0.994  1  27.2
  1976.67  17  1.216  1  27.3
  1976.71  18  0.713  1  27.0
  1976.75  19  0.384  1  26.8
  1976.79  20  0.273  1  25.9
  1976.83  21  0.151  1  24.6
  1976.88  22  0.061  1  23.9
  1976.92  23  0.000  1  22.7
  1976.96  24  0.000  1  20.4
  1977.00   1  0.000  0  19.3
  1977.04   2  0.000  1  18.9
  1977.08   3  0.000  0  18.5
  1977.13   4  0.000  0  18.6
  1977.17   5  0.000  0  19.6
  1977.21   6  0.000  0  19.9
  1977.25   7  0.000  0  20.1
  1977.29   8  0.000  0  19.9
  1977.33   9  0.575  1  20.1
  1977.38  10  1.309  1  19.7
  1977.42  11  1.489  1  20.2
  1977.46  12  1.884  1  22.1
  1977.50  13  1.465  1  24.3
  1977.54  14  1.350  1  24.3
  1977.58  15  1.361  1  24.8
  1977.63  16  1.618  1  26.0
  1977.67  17  0.663  1  25.9
  1977.71  18  0.153  1  26.6
  1977.75  19  0.233  1  25.9
  1977.79  20  0.184  1  25.4
  1977.83  21  0.207  1  23.4
  1977.88  22  0.006  1  23.0
  1977.92  23  0.000  1  21.6
  1977.96  24  0.000  0  21.1
  1978.00   1  0.000  0  21.2
  1978.04   2  0.000  0  20.2
  1978.08   3  0.000  0  19.9
  1978.13   4  0.000  0  20.2
  1978.17   5  0.000  0  19.3
  1978.21   6  0.000  0  19.4
  1978.25   7  0.000  0  19.0
  1978.29   8  0.000  0  19.4
  1978.33   9  0.851  1  20.2
  1978.38  10  0.255  1  20.2
  1978.42  11  1.690  1  22.3
  1978.46  12  2.639  1  23.2
  1978.50  13  1.512  1  24.8
  1978.54  14  1.564  1  25.9
  1978.58  15  0.772  1  26.2
  1978.63  16  0.829  1  26.9
  1978.67  17  0.338  1  26.9
  1978.71  18  0.388  1  27.9
  1978.75  19  0.129  1  27.2
  1978.79  20  0.021  1  25.6
  1978.83  21  0.218  1  25.4
  1978.88  22  0.035  1  24.6
  1978.92  23  0.692  1  23.7
  1978.96  24  1.500  1  22.8
