  1969.00   1   2.733  1  26.0
  1969.04   2   2.838  1  28.6
  1969.08   3   1.052  1  28.5
  1969.13   4   7.000  1  27.2
  1969.17   5   0.000  1  29.0
  1969.21   6   1.687  1  27.9
  1969.25   7   6.588  1  29.5
  1969.29   8   1.111  1  29.1
  1969.33   9   0.000  1  29.4
  1969.38  10   0.000  1  30.0
  1969.42  11   2.857  1  28.1
  1969.46  12   0.000  0  26.9
  1969.50  13   0.000  0  27.2
  1969.54  14   0.000  0  23.5
  1969.58  15   1.972  1  27.2
  1969.63  16   2.926  1  22.6
  1969.67  17   3.661  1  23.3
  1969.71  18   1.415  1  23.8
  1969.75  19   0.000  1  27.2
  1969.79  20   0.000  0  25.0
  1969.83  21   0.000  1  25.6
  1969.88  22   0.000  1  28.3
  1969.92  23   0.835  1  27.2
  1969.96  24   2.335  1  27.5
  1970.00   1  10.815  1  28.1
  1970.04   2   1.495  1  27.6
  1970.08   3   1.560  1  28.3
  1970.13   4   0.825  1  28.2
  1970.17   5   0.104  1  27.9
  1970.21   6   1.303  1  28.4
  1970.25   7   0.794  1  28.9
  1970.29   8   0.228  1  28.8
  1970.33   9   0.000  1  28.9
  1970.38  10   0.000  1  28.5
  1970.42  11   0.000  1  28.0
  1970.46  12   0.000  1  27.0
  1970.50  13   0.000  1  26.1
  1970.54  14   0.000  0  23.9
  1970.58  15   0.000  0  25.3
  1970.63  16   5.145  1  24.7
  1970.67  17   2.365  1  24.9
  1970.71  18   4.875  1  25.0
  1970.75  19   0.077  1  26.5
  1970.79  20   4.052  1  27.1
  1970.83  21   0.484  1  27.7
  1970.88  22   1.284  1  28.2
  1970.92  23   1.052  1  27.8
  1970.96  24   3.062  1  27.6
  1971.00   1   1.945  1  28.1
  1971.04   2   1.126  1  28.2
  1971.08   3   0.190  1  27.2
  1971.13   4   0.343  1  27.1
  1971.17   5   0.962  1  27.3
  1971.21   6   1.396  1  26.7
  1971.25   7   0.532  1  28.8
  1971.29   8   1.302  1  30.5
  1971.33   9   0.734  1  29.0
  1971.38  10   0.832  1  29.9
  1971.42  11   0.083  1  28.3
  1971.46  12   0.000  1  28.4
  1971.50  13   0.000  1  26.7
  1971.54  14   1.619  1  25.7
  1971.58  15   1.813  1  26.2
  1971.63  16   5.757  1  23.8
  1971.67  17   0.894  1  24.8
  1971.71  18   0.000  1  24.5
  1971.75  19   0.569  1  25.2
  1971.79  20   1.610  1  26.4
  1971.83  21   0.612  1  27.2
  1971.88  22   1.612  1  27.3
  1971.92  23   0.020  1  27.6
  1971.96  24   0.000  1  27.7
  1972.00   1   0.283  1  28.2
  1972.04   2   1.966  1  28.0
  1972.08   3   0.519  1  27.0
  1972.13   4   2.636  1  27.7
  1972.17   5   0.531  1  27.3
  1972.21   6   0.483  1  28.5
  1972.25   7   0.542  1  28.8
  1972.29   8   0.793  1  28.5
  1972.33   9   0.341  1  29.2
  1972.38  10   0.204  1  28.2
  1972.42  11   0.000  1  27.9
  1972.46  12   0.000  1  26.5
  1972.50  13   0.000  1  27.0
  1972.54  14   0.000  1  26.9
  1972.58  15   1.826  1  25.2
  1972.63  16   4.425  1  24.6
  1972.67  17   3.913  1  26.0
  1972.71  18   0.538  1  25.2
  1972.75  19   0.000  1  26.8
  1972.79  20   0.000  1  27.3
  1972.83  21   1.185  1  28.0
  1972.88  22   3.679  1  28.2
  1972.92  23   1.109  1  28.2
  1972.96  24   0.000  1  28.6
  1973.00   1   1.357  1  28.8
  1973.04   2   0.571  1  28.7
  1973.08   3   4.952  1  28.8
  1973.13   4   0.724  1  28.8
  1973.17   5   1.090  1  28.9
  1973.21   6   0.412  1  29.2
  1973.25   7   0.000  1  27.2
  1973.29   8   0.000  1  29.0
  1973.33   9   0.000  1  29.7
  1973.38  10   0.000  1  29.0
  1973.42  11   0.000  1  28.2
  1973.46  12   0.000  1  27.6
  1973.50  13   0.000  1  26.8
  1973.54  14   6.950  1  27.0
  1973.58  15   2.729  1  24.7
  1973.63  16   0.096  1  25.9
  1973.67  17   0.392  1  25.8
  1973.71  18   0.506  1  25.9
  1973.75  19   4.375  1  26.1
  1973.79  20   1.876  1  27.3
  1973.83  21   1.561  1  28.0
  1973.88  22   1.854  1  27.9
  1973.92  23   0.000  1  28.3
  1973.96  24   0.000  1  28.2
  1974.00   1   1.141  1  27.9
  1974.04   2   0.000  1  27.9
  1974.08   3   0.074  1  28.4
  1974.13   4   0.691  1  27.4
  1974.17   5   0.000  1  27.8
  1974.21   6   0.000  1  28.2
  1974.25   7   0.051  1  27.9
  1974.29   8   0.539  1  28.5
  1974.33   9   0.902  1  27.9
  1974.38  10   0.214  1  28.3
  1974.42  11   0.000  1  27.6
  1974.46  12   0.000  1  29.1
  1974.50  13   0.000  1  27.8
  1974.54  14   0.000  1  26.7
  1974.58  15   0.401  1  25.9
  1974.63  16   2.301  1  25.2
  1974.67  17   3.140  1  25.9
  1974.71  18   0.000  1  25.3
  1974.75  19   0.000  1  25.6
  1974.79  20   0.000  1  26.8
  1974.83  21   0.196  1  27.8
  1974.88  22   0.725  1  27.9
  1974.92  23   0.000  1  27.8
  1974.96  24   0.000  1  28.4
  1975.00   1   0.000  1  28.2
  1975.04   2   0.288  1  28.3
  1975.08   3   0.243  1  28.0
  1975.13   4   0.000  1  28.0
  1975.17   5   0.000  1  28.1
  1975.21   6   0.347  1  27.9
  1975.25   7   1.416  1  28.5
  1975.29   8   0.335  1  28.3
  1975.33   9   0.000  1  28.8
  1975.38  10   0.000  1  28.5
  1975.42  11   0.000  1  27.8
  1975.46  12   0.000  1  26.8
  1975.50  13   0.000  1  27.1
  1975.54  14   0.000  1  26.5
  1975.58  15   0.524  1  25.3
  1975.63  16   0.231  1  25.6
  1975.67  17   1.511  1  24.3
  1975.71  18   0.024  1  24.8
  1975.75  19   0.000  1  25.5
  1975.79  20   0.000  1  26.0
  1975.83  21   0.000  1  27.2
  1975.88  22   1.452  1  27.8
  1975.92  23   0.330  1  27.4
  1975.96  24   3.810  1  27.7
  1976.00   1   2.606  1  27.5
  1976.04   2   1.407  1  27.6
  1976.08   3   0.308  1  26.8
  1976.13   4   4.342  1  27.5
  1976.17   5   5.614  1  27.6
  1976.21   6   2.406  1  28.0
  1976.25   7   0.000  1  28.8
  1976.29   8   0.207  1  28.4
  1976.33   9   2.083  1  28.4
  1976.38  10   0.000  1  27.9
  1976.42  11   0.000  1  27.5
  1976.46  12   1.914  1  26.2
  1976.50  13   0.000  1  25.8
  1976.54  14   0.505  1  25.4
  1976.58  15   0.000  1  24.6
  1976.63  16   0.000  1  24.6
  1976.67  17   0.629  1  24.0
  1976.71  18   0.000  1  24.1
  1976.75  19   0.065  1  25.2
  1976.79  20   0.000  1  25.4
  1976.83  21   0.182  1  26.6
  1976.88  22   0.000  1  27.0
  1976.92  23   0.000  1  27.0
  1976.96  24   1.130  1  27.6
  1977.00   1   1.395  1  27.2
  1977.04   2   0.494  1  27.4
  1977.08   3   1.253  1  26.8
  1977.13   4   0.812  1  27.1
  1977.17   5   0.031  1  28.2
  1977.21   6   0.264  1  27.4
  1977.25   7   0.795  1  27.7
  1977.29   8   0.000  1  28.7
  1977.33   9   0.000  0  28.7
  1977.38  10   0.000  1  28.3
  1977.42  11   0.000  1  27.7
  1977.46  12   0.000  1  26.8
  1977.50  13   0.000  1  26.5
  1977.54  14   7.376  1  25.9
  1977.58  15  12.142  1  25.2
  1977.63  16   8.069  1  24.8
  1977.67  17   1.272  1  24.7
  1977.71  18   3.785  1  25.9
  1977.75  19   7.595  1  26.2
  1977.79  20   3.356  1  27.0
  1977.83  21   1.390  1  27.7
  1977.88  22   0.233  1  27.4
  1977.92  23   4.980  1  27.4
  1977.96  24   0.000  1  27.5
  1978.00   1   2.128  1  27.4
  1978.04   2   0.000  1  27.6
  1978.08   3   0.000  1  27.6
  1978.13   4   0.000  1  27.6
  1978.17   5   4.326  1  27.9
  1978.21   6   0.000  1  27.3
  1978.25   7   1.175  1  27.8
  1978.29   8   0.402  1  27.9
  1978.33   9   0.000  1  28.5
  1978.38  10   0.000  1  28.3
  1978.42  11   0.000  1  27.4
  1978.46  12   0.000  1  26.8
  1978.50  13   0.000  1  26.0
  1978.54  14   8.100  1  25.7
  1978.58  15   2.285  1  25.3
  1978.63  16   0.084  1  24.6
  1978.67  17   0.103  1  24.7
  1978.71  18   0.085  1  25.4
  1978.75  19   0.000  1  26.0
  1978.79  20   0.000  1  26.2
  1978.83  21   2.917  1  26.8
  1978.88  22   0.325  1  27.8
  1978.92  23   0.213  1  27.9
  1978.96  24   4.429  1  27.8
