  1969.00   1  1.749  1  24.4
  1969.04   2  2.782  1  22.6
  1969.08   3  1.810  1  25.2
  1969.13   4  1.123  1  25.2
  1969.17   5  1.002  1  22.3
  1969.21   6  0.970  1  25.0
  1969.25   7  0.439  1  25.6
  1969.29   8  0.657  1  23.9
  1969.33   9  1.169  1  22.4
  1969.38  10  0.269  1  28.0
  1969.42  11  0.022  1  27.1
  1969.46  12  0.003  1  29.4
  1969.50  13  0.000  1  26.5
  1969.54  14  0.000  1  28.5
  1969.58  15  0.000  1  27.9
  1969.63  16  0.020  1  26.9
  1969.67  17  0.000  1  27.2
  1969.71  18  0.158  1  27.2
  1969.75  19  0.135  1  28.3
  1969.79  20  0.054  1  27.8
  1969.83  21  0.020  1  27.3
  1969.88  22  0.020  1  27.8
  1969.92  23  0.582  1  27.1
  1969.96  24  0.000  1  25.7
  1970.00   1  0.673  1  24.0
  1970.04   2  0.065  1  22.0
  1970.08   3  0.022  1  21.9
  1970.13   4  0.252  1  22.5
  1970.17   5  0.018  1  22.2
  1970.21   6  0.136  1  22.0
  1970.25   7  0.799  1  22.4
  1970.29   8  1.730  1  24.9
  1970.33   9  1.203  1  25.1
  1970.38  10  0.495  1  26.2
  1970.42  11  0.000  1  27.2
  1970.46  12  0.014  1  28.0
  1970.50  13  0.000  1  28.1
  1970.54  14  0.000  1  27.7
  1970.58  15  0.049  1  26.9
  1970.63  16  0.364  1  27.4
  1970.67  17  0.299  1  27.5
  1970.71  18  0.335  1  27.8
  1970.75  19  0.251  1  28.4
  1970.79  20  0.901  1  28.2
  1970.83  21  1.034  1  27.7
  1970.88  22  0.034  1  27.4
  1970.92  23  0.000  1  27.3
  1970.96  24  0.047  1  25.1
  1971.00   1  0.317  1  24.8
  1971.04   2  0.005  1  23.0
  1971.08   3  0.000  1  21.9
  1971.13   4  0.002  1  20.6
  1971.17   5  0.000  1  22.4
  1971.21   6  0.000  1  21.6
  1971.25   7  0.041  1  21.2
  1971.29   8  0.435  1  20.7
  1971.33   9  0.450  1  25.0
  1971.38  10  0.079  1  21.4
  1971.42  11  1.884  1  25.5
  1971.46  12  3.870  1  27.4
  1971.50  13  1.190  1  27.5
  1971.54  14  1.223  1  27.8
  1971.58  15  0.000  1  27.3
  1971.63  16  0.302  1  27.2
  1971.67  17  1.201  1  27.3
  1971.71  18  0.924  1  27.9
  1971.75  19  0.461  1  28.3
  1971.79  20  0.948  1  28.5
  1971.83  21  1.744  1  28.2
  1971.88  22  0.185  1  26.6
  1971.92  23  0.007  1  24.8
  1971.96  24  0.504  1  25.4
  1972.00   1  0.060  1  23.7
  1972.04   2  0.000  1  21.8
  1972.08   3  0.000  1  21.0
  1972.13   4  0.076  1  21.2
  1972.17   5  0.000  1  20.5
  1972.21   6  0.000  1  20.0
  1972.25   7  0.002  1  21.1
  1972.29   8  0.024  1  20.6
  1972.33   9  1.415  1  22.8
  1972.38  10  0.260  1  24.0
  1972.42  11  0.785  1  26.4
  1972.46  12  0.916  1  27.3
  1972.50  13  0.524  1  27.8
  1972.54  14  0.083  1  27.6
  1972.58  15  0.906  1  27.7
  1972.63  16  0.000  1  28.1
  1972.67  17  0.244  1  28.0
  1972.71  18  1.463  1  28.6
  1972.75  19  2.007  1  28.7
  1972.79  20  0.087  1  28.5
  1972.83  21  0.295  1  28.0
  1972.88  22  0.242  1  27.2
  1972.92  23  0.000  1  26.0
  1972.96  24  0.000  1  23.5
  1973.00   1  0.020  1  22.7
  1973.04   2  0.479  1  22.8
  1973.08   3  0.684  1  21.7
  1973.13   4  0.264  1  19.8
  1973.17   5  0.119  1  21.0
  1973.21   6  0.015  1  21.4
  1973.25   7  0.177  1  22.7
  1973.29   8  0.556  1  23.0
  1973.33   9  1.042  1  23.8
  1973.38  10  2.132  1  26.5
  1973.42  11  0.058  1  27.6
  1973.46  12  0.197  1  28.3
  1973.50  13  0.000  1  28.6
  1973.54  14  0.028  1  28.1
  1973.58  15  0.092  1  27.4
  1973.63  16  0.747  1  27.4
  1973.67  17  0.165  1  27.7
  1973.71  18  0.056  1  27.4
  1973.75  19  2.880  1  28.0
  1973.79  20  0.278  1  28.4
  1973.83  21  0.168  1  27.7
  1973.88  22  0.225  1  27.5
  1973.92  23  0.324  1  26.8
  1973.96  24  0.301  1  23.8
  1974.00   1  1.491  1  23.0
  1974.04   2  3.435  1  22.0
  1974.08   3  1.551  1  22.1
  1974.13   4  0.380  1  20.9
  1974.17   5  0.000  1  19.4
  1974.21   6  0.000  1  19.4
  1974.25   7  0.000  1  19.6
  1974.29   8  0.226  1  20.2
  1974.33   9  1.459  1  21.1
  1974.38  10  1.569  1  23.1
  1974.42  11  1.422  1  24.9
  1974.46  12  2.308  1  27.0
  1974.50  13  0.000  1  27.6
  1974.54  14  0.568  1  26.9
  1974.58  15  0.507  1  27.1
  1974.63  16  0.351  1  27.0
  1974.67  17  0.121  1  27.2
  1974.71  18  0.250  1  27.8
  1974.75  19  0.715  1  27.8
  1974.79  20  0.481  1  27.6
  1974.83  21  0.647  1  27.2
  1974.88  22  0.094  1  26.3
  1974.92  23  0.540  1  25.6
  1974.96  24  0.918  1  25.0
  1975.00   1  0.517  1  24.3
  1975.04   2  0.226  1  22.9
  1975.08   3  0.000  1  21.7
  1975.13   4  0.000  1  21.5
  1975.17   5  0.000  1  21.3
  1975.21   6  0.000  1  20.6
  1975.25   7  0.069  1  20.2
  1975.29   8  1.712  1  20.4
  1975.33   9  2.433  1  20.7
  1975.38  10  1.806  1  22.7
  1975.42  11  1.045  1  25.4
  1975.46  12  1.714  1  26.7
  1975.50  13  0.693  1  27.1
  1975.54  14  0.000  1  27.1
  1975.58  15  0.015  1  27.1
  1975.63  16  1.038  1  26.8
  1975.67  17  0.000  1  26.7
  1975.71  18  0.000  1  26.9
  1975.75  19  0.000  1  27.4
  1975.79  20  0.704  1  28.0
  1975.83  21  0.205  1  27.7
  1975.88  22  0.013  1  26.2
  1975.92  23  0.000  1  25.0
  1975.96  24  0.013  1  24.8
  1976.00   1  0.036  1  23.3
  1976.04   2  0.000  1  21.6
  1976.08   3  0.000  0  20.4
  1976.13   4  0.000  0  20.0
  1976.17   5  0.000  1  20.3
  1976.21   6  0.000  1  20.0
  1976.25   7  0.000  1  21.1
  1976.29   8  1.013  1  22.1
  1976.33   9  1.107  1  22.5
  1976.38  10  2.045  1  23.6
  1976.42  11  1.109  1  26.3
  1976.46  12  0.796  1  26.7
  1976.50  13  1.122  1  26.6
  1976.54  14  0.000  1  26.7
  1976.58  15  0.000  1  26.5
  1976.63  16  0.000  1  26.6
  1976.67  17  0.000  1  27.2
  1976.71  18  1.840  1  27.7
  1976.75  19  0.458  1  27.7
  1976.79  20  0.225  1  27.7
  1976.83  21  0.051  1  26.8
  1976.88  22  0.063  1  27.2
  1976.92  23  0.000  1  25.3
  1976.96  24  0.780  1  23.4
  1977.00   1  0.000  1  21.9
  1977.04   2  0.000  1  20.9
  1977.08   3  0.000  0  20.6
  1977.13   4  0.000  1  20.6
  1977.17   5  0.097  1  21.6
  1977.21   6  0.097  1  22.9
  1977.25   7  6.838  1  23.3
  1977.29   8  2.522  1  23.4
  1977.33   9  1.288  1  23.7
  1977.38  10  1.419  1  24.3
  1977.42  11  1.103  1  25.9
  1977.46  12  1.659  1  27.5
  1977.50  13  0.476  1  27.8
  1977.54  14  0.129  1  27.4
  1977.58  15  0.000  1  26.9
  1977.63  16  0.000  1  27.4
  1977.67  17  1.674  1  27.7
  1977.71  18  0.321  1  27.9
  1977.75  19  0.240  1  27.8
  1977.79  20  0.232  1  27.8
  1977.83  21  0.093  1  27.5
  1977.88  22  0.000  1  27.0
  1977.92  23  0.000  1  25.6
  1977.96  24  0.000  1  24.8
  1978.00   1  0.000  1  24.1
  1978.04   2  0.000  1  22.4
  1978.08   3  0.562  1  22.0
  1978.13   4  0.000  1  21.9
  1978.17   5  0.000  1  21.7
  1978.21   6  0.000  1  22.5
  1978.25   7  0.112  1  22.4
  1978.29   8  1.106  1  22.8
  1978.33   9  1.958  1  24.4
  1978.38  10  0.229  1  26.0
  1978.42  11  1.132  1  27.5
  1978.46  12  0.258  1  27.8
  1978.50  13  0.000  1  27.9
  1978.54  14  0.000  1  27.7
  1978.58  15  0.000  1  27.3
  1978.63  16  0.000  1  27.7
  1978.67  17  0.152  1  27.6
  1978.71  18  0.405  1  27.7
  1978.75  19  0.579  1  28.1
  1978.79  20  0.270  1  28.2
  1978.83  21  0.000  1  27.9
  1978.88  22  0.311  1  27.5
  1978.92  23  0.013  1  25.6
  1978.96  24  0.049  1  25.3
