Data in cpue1.dat - cpue5.dat were used
in Stoffer (JASA: 1986, pages 762-772).
The data are described in that article.
Col 1 = date
Col 2 = obs in specific year
Col 3 = cpue
Col 4 = cpue missing (0) or observed (1)
Col 5 = sst
===========================================
  1969.00   1   3.901  1  27.1
  1969.04   2   0.579  1  27.6
  1969.08   3   0.000  1  28.5
  1969.13   4   0.000  0  27.0
  1969.17   5   0.000  0  28.8
  1969.21   6   0.000  1  29.2
  1969.25   7   0.000  0  28.7
  1969.29   8   0.000  0  28.9
  1969.33   9   0.000  1  29.5
  1969.38  10   0.000  1  27.8
  1969.42  11   0.000  0  25.1
  1969.46  12   0.000  0  25.8
  1969.50  13   0.000  0  24.8
  1969.54  14   0.000  0  23.4
  1969.58  15   8.656  1  21.7
  1969.63  16   3.733  1  22.5
  1969.67  17   2.836  1  21.7
  1969.71  18   0.531  1  23.4
  1969.75  19   1.044  1  27.0
  1969.79  20   0.000  0  25.6
  1969.83  21   0.000  1  27.4
  1969.88  22   0.000  1  27.9
  1969.92  23   1.584  1  27.5
  1969.96  24   0.884  1  27.1
  1970.00   1   6.203  1  27.7
  1970.04   2   0.713  1  27.5
  1970.08   3   0.000  1  28.5
  1970.13   4   0.000  0  28.5
  1970.17   5   0.000  1  28.5
  1970.21   6   9.154  1  29.0
  1970.25   7   0.456  1  28.9
  1970.29   8   0.000  1  29.0
  1970.33   9   0.000  1  28.9
  1970.38  10   0.000  1  28.5
  1970.42  11   0.000  1  27.9
  1970.46  12   0.000  1  26.9
  1970.50  13   0.000  1  26.4
  1970.54  14   0.797  1  24.1
  1970.58  15   3.115  1  23.6
  1970.63  16   4.181  1  24.0
  1970.67  17   0.000  1  25.0
  1970.71  18   0.000  1  25.4
  1970.75  19   0.000  0  26.2
  1970.79  20   0.000  0  27.4
  1970.83  21   0.000  0  28.3
  1970.88  22   0.000  1  28.3
  1970.92  23   0.000  1  27.9
  1970.96  24   0.000  1  28.3
  1971.00   1   0.000  1  28.6
  1971.04   2   0.104  1  28.4
  1971.08   3   0.000  1  28.1
  1971.13   4   0.000  1  27.9
  1971.17   5   0.323  1  28.1
  1971.21   6   0.086  1  28.2
  1971.25   7   0.278  1  29.3
  1971.29   8   0.340  1  27.0
  1971.33   9   1.678  1  28.7
  1971.38  10   0.000  1  30.0
  1971.42  11   0.000  1  27.1
  1971.46  12   0.000  1  28.5
  1971.50  13   0.000  1  27.0
  1971.54  14   6.344  1  25.8
  1971.58  15   5.711  1  24.7
  1971.63  16   0.074  1  24.2
  1971.67  17   0.000  1  24.8
  1971.71  18   0.000  1  26.1
  1971.75  19   0.000  1  27.0
  1971.79  20   0.000  0  27.1
  1971.83  21   0.000  0  28.4
  1971.88  22   0.000  1  27.8
  1971.92  23   0.080  1  27.1
  1971.96  24   0.000  1  27.7
  1972.00   1   0.000  1  27.5
  1972.04   2   1.872  1  26.4
  1972.08   3   1.525  1  27.6
  1972.13   4   4.155  1  28.4
  1972.17   5   0.000  1  27.6
  1972.21   6   0.000  1  28.4
  1972.25   7   0.786  1  28.6
  1972.29   8   0.000  1  28.4
  1972.33   9   0.000  0  29.5
  1972.38  10   0.000  1  27.8
  1972.42  11   0.000  1  27.0
  1972.46  12   0.000  1  27.1
  1972.50  13   0.000  1  25.3
  1972.54  14   0.000  1  24.6
  1972.58  15   3.726  1  24.5
  1972.63  16   1.565  1  22.9
  1972.67  17   0.345  1  23.0
  1972.71  18   4.265  1  25.2
  1972.75  19   0.000  0  25.5
  1972.79  20   0.000  0  26.9
  1972.83  21   0.000  1  27.8
  1972.88  22   0.014  1  28.3
  1972.92  23   0.000  1  27.7
  1972.96  24   0.894  1  28.1
  1973.00   1   2.654  1  27.3
  1973.04   2   0.992  1  27.8
  1973.08   3   1.272  1  28.2
  1973.13   4   0.000  1  27.1
  1973.17   5   1.214  1  29.5
  1973.21   6   0.000  0  28.6
  1973.25   7   1.664  1  25.5
  1973.29   8   0.000  1  29.8
  1973.33   9   0.000  0  29.2
  1973.38  10   0.000  0  28.4
  1973.42  11   0.000  1  28.1
  1973.46  12   0.000  0  27.6
  1973.50  13   0.059  1  26.6
  1973.54  14   4.290  1  25.7
  1973.58  15   2.615  1  24.0
  1973.63  16   0.000  1  25.3
  1973.67  17   0.000  1  25.6
  1973.71  18   0.229  1  26.0
  1973.75  19   0.000  1  26.5
  1973.79  20   0.000  1  27.4
  1973.83  21   0.102  1  27.3
  1973.88  22   0.000  1  27.7
  1973.92  23   0.000  1  28.1
  1973.96  24   3.500  1  27.2
  1974.00   1   5.041  1  27.5
  1974.04   2   2.282  1  27.8
  1974.08   3   2.355  1  28.4
  1974.13   4   0.000  1  28.8
  1974.17   5   0.000  1  28.1
  1974.21   6   0.000  0  28.3
  1974.25   7   0.000  1  28.8
  1974.29   8   0.306  1  28.7
  1974.33   9   0.000  1  28.8
  1974.38  10   0.000  1  28.5
  1974.42  11   0.000  1  27.7
  1974.46  12   0.000  0  29.0
  1974.50  13   0.000  1  26.1
  1974.54  14   0.000  1  24.8
  1974.58  15   8.083  1  26.7
  1974.63  16   3.895  1  25.0
  1974.67  17   0.349  1  25.5
  1974.71  18   0.000  1  24.2
  1974.75  19   0.000  1  25.0
  1974.79  20   0.000  1  28.1
  1974.83  21   0.000  1  28.0
  1974.88  22   0.205  1  27.0
  1974.92  23   0.000  1  27.8
  1974.96  24   0.000  1  29.0
  1975.00   1   1.478  1  27.8
  1975.04   2   0.597  1  28.7
  1975.08   3   0.216  1  28.1
  1975.13   4   0.155  1  27.4
  1975.17   5   0.877  1  28.5
  1975.21   6   3.937  1  29.1
  1975.25   7   0.000  1  28.7
  1975.29   8   0.000  0  28.8
  1975.33   9   0.000  0  29.1
  1975.38  10   0.000  1  28.5
  1975.42  11   0.000  1  27.7
  1975.46  12   0.683  1  26.1
  1975.50  13   2.980  1  26.1
  1975.54  14   4.454  1  24.0
  1975.58  15   5.471  1  22.9
  1975.63  16   5.766  1  22.7
  1975.67  17   2.432  1  23.2
  1975.71  18   0.000  1  23.5
  1975.75  19   0.000  1  25.0
  1975.79  20   0.000  1  26.5
  1975.83  21   0.000  1  26.4
  1975.88  22   0.000  1  27.4
  1975.92  23   2.881  1  27.5
  1975.96  24   0.229  1  28.0
  1976.00   1   0.884  1  27.9
  1976.04   2   2.270  1  27.7
  1976.08   3   0.236  1  27.7
  1976.13   4   4.188  1  28.5
  1976.17   5  12.711  1  28.4
  1976.21   6   5.294  1  28.8
  1976.25   7   3.335  1  28.5
  1976.29   8   0.000  1  28.5
  1976.33   9   0.000  0  28.3
  1976.38  10   0.000  0  28.1
  1976.42  11   0.000  0  26.7
  1976.46  12   0.000  1  26.0
  1976.50  13   0.383  1  25.5
  1976.54  14   0.000  1  25.4
  1976.58  15   1.485  1  22.6
  1976.63  16   0.000  1  25.2
  1976.67  17   0.000  1  23.3
  1976.71  18   5.791  1  25.1
  1976.75  19   1.958  1  25.7
  1976.79  20   0.000  1  25.4
  1976.83  21   2.414  1  27.8
  1976.88  22   0.085  1  27.0
  1976.92  23   0.000  1  27.7
  1976.96  24   0.292  1  27.5
  1977.00   1   3.203  1  28.0
  1977.04   2   2.293  1  28.0
  1977.08   3   3.080  1  27.9
  1977.13   4   0.977  1  28.2
  1977.17   5   0.000  1  28.2
  1977.21   6   0.000  1  28.7
  1977.25   7   0.000  0  28.4
  1977.29   8   0.000  0  28.8
  1977.33   9   0.000  0  28.8
  1977.38  10   0.000  0  29.2
  1977.42  11   0.000  1  26.9
  1977.46  12   0.000  1  27.2
  1977.50  13  19.273  1  26.0
  1977.54  14   7.102  1  25.9
  1977.58  15   1.948  1  24.7
  1977.63  16   0.595  1  24.6
  1977.67  17   0.000  1  25.1
  1977.71  18   6.213  1  27.0
  1977.75  19   1.248  1  25.9
  1977.79  20   1.058  1  27.2
  1977.83  21   0.410  1  28.3
  1977.88  22   0.588  1  28.1
  1977.92  23   0.148  1  27.7
  1977.96  24   1.453  1  28.2
  1978.00   1   1.694  1  27.6
  1978.04   2   0.000  1  28.1
  1978.08   3   0.000  1  28.0
  1978.13   4   0.000  0  28.5
  1978.17   5   0.000  1  28.9
  1978.21   6   0.000  0  26.6
  1978.25   7   1.586  1  28.6
  1978.29   8   0.000  1  27.6
  1978.33   9   0.000  1  28.7
  1978.38  10   0.000  1  27.6
  1978.42  11   0.000  1  27.1
  1978.46  12   0.081  1  26.2
  1978.50  13   1.031  1  24.9
  1978.54  14   8.213  1  25.3
  1978.58  15   2.615  1  25.2
  1978.63  16   0.000  1  24.7
  1978.67  17   0.000  1  24.9
  1978.71  18   0.000  1  25.6
  1978.75  19   0.000  1  26.3
  1978.79  20   0.000  1  26.7
  1978.83  21   0.000  1  27.1
  1978.88  22   0.000  1  28.3
  1978.92  23   6.832  1  27.8
  1978.96  24   4.593  1  28.2
